"Longitude" "Latitude" "Longneg" "Depth" "substrate" "substrate_code"
272.55 29.35 -87.45 498.229166666667 30 4
272.55 29.45 -87.45 222.777777777778 300 6
272.55 29.55 -87.45 78.7013888888889 300 6
272.55 29.65 -87.45 63.4097222222222 3000 8
272.55 29.75 -87.45 46.6597222222222 30 4
272.55 29.85 -87.45 34.5277777777778 30 4
272.55 29.95 -87.45 32.1597222222222 20 3
272.55 30.05 -87.45 25.2569444444444 30 4
272.55 30.15 -87.45 22.8541666666667 20 3
272.55 30.25 -87.45 11.1153846153846 30 4
272.65 29.45 -87.35 361.118055555556 30 4
272.65 29.55 -87.35 175.138888888889 30 4
272.65 29.65 -87.35 87.7430555555556 2 1
272.65 29.75 -87.35 82.8958333333333 30 4
272.65 29.85 -87.35 49.1458333333333 30 4
272.65 29.95 -87.35 29.4305555555556 20 3
272.65 30.05 -87.35 28.0763888888889 30 4
272.65 30.15 -87.35 22.3402777777778 20 3
272.65 30.25 -87.35 13.7708333333333 30 4
272.75 29.45 -87.25 417.090277777778 30 4
272.75 29.55 -87.25 307.486111111111 30 4
272.75 29.65 -87.25 231.076388888889 3 2
272.75 29.75 -87.25 154.840277777778 3 2
272.75 29.85 -87.25 76.4722222222222 30 4
272.75 29.95 -87.25 38.6527777777778 30 4
272.75 30.05 -87.25 31.2638888888889 20 3
272.75 30.15 -87.25 24.7083333333333 20 3
272.75 30.25 -87.25 18.3263888888889 20 3
272.85 29.45 -87.15 460.222222222222 3 2
272.85 29.55 -87.15 331.611111111111 3 2
272.85 29.65 -87.15 257.208333333333 3 2
272.85 29.75 -87.15 216.680555555556 2 1
272.85 29.85 -87.15 121.673611111111 30 4
272.85 29.95 -87.15 60.8611111111111 200 5
272.85 30.05 -87.15 31.0138888888889 300 6
272.85 30.15 -87.15 28.1736111111111 30 4
272.85 30.25 -87.15 22.9861111111111 200 5
272.95 29.55 -87.05 337.104166666667 3 2
272.95 29.65 -87.05 251.625 3 2
272.95 29.75 -87.05 213.388888888889 2 1
272.95 29.85 -87.05 182.243055555556 30 4
272.95 29.95 -87.05 101.895833333333 30 4
272.95 30.05 -87.05 45.3194444444444 300 6
272.95 30.15 -87.05 27.9583333333333 30 4
272.95 30.25 -87.05 23.5138888888889 30 4
272.95 30.35 -87.05 12.1855670103093 30 4
273.05 29.55 -86.95 321.083333333333 3 2
273.05 29.65 -86.95 237.583333333333 3 2
273.05 29.75 -86.95 198.069444444444 3 2
273.05 29.85 -86.95 174.479166666667 3 2
273.05 29.95 -86.95 146.416666666667 2 1
273.05 30.05 -86.95 93.2569444444444 3 2
273.05 30.15 -86.95 34.0416666666667 200 5
273.05 30.25 -86.95 25.0902777777778 30 4
273.05 30.35 -86.95 14.9831932773109 30 4
273.15 29.35 -86.85 488.722222222222 3 2
273.15 29.45 -86.85 445.902777777778 3 2
273.15 29.55 -86.85 295.319444444444 3 2
273.15 29.65 -86.85 221.069444444444 3 2
273.15 29.75 -86.85 182.1875 3 2
273.15 29.85 -86.85 159.229166666667 3 2
273.15 29.95 -86.85 137.805555555556 3 2
273.15 30.05 -86.85 106.0625 3 2
273.15 30.15 -86.85 45.1180555555556 200 5
273.15 30.25 -86.85 23.8263888888889 30 4
273.15 30.35 -86.85 16.7272727272727 20 3
273.25 29.05 -86.75 489.291666666667 3 2
273.25 29.15 -86.75 472.270833333333 2 1
273.25 29.25 -86.75 454.486111111111 2 1
273.25 29.35 -86.75 426.861111111111 2 1
273.25 29.45 -86.75 364.493055555556 20 3
273.25 29.55 -86.75 261.597222222222 30 4
273.25 29.65 -86.75 201.048611111111 3 2
273.25 29.75 -86.75 165.229166666667 2 1
273.25 29.85 -86.75 142.125 3 2
273.25 29.95 -86.75 121.409722222222 3 2
273.25 30.05 -86.75 86.5277777777778 20 3
273.25 30.15 -86.75 39.1388888888889 20 3
273.25 30.25 -86.75 24.2638888888889 30 4
273.25 30.35 -86.75 19.1742424242424 30 4
273.35 28.75 -86.65 499.861111111111 3 2
273.35 28.85 -86.65 471.972222222222 3 2
273.35 28.95 -86.65 450.652777777778 3 2
273.35 29.05 -86.65 437.972222222222 2 1
273.35 29.15 -86.65 422.708333333333 20 3
273.35 29.25 -86.65 404.881944444444 2 1
273.35 29.35 -86.65 375.805555555556 20 3
273.35 29.45 -86.65 309.534722222222 30 4
273.35 29.55 -86.65 230.513888888889 30 4
273.35 29.65 -86.65 180.520833333333 30 4
273.35 29.75 -86.65 149.097222222222 3 2
273.35 29.85 -86.65 123.166666666667 2 1
273.35 29.95 -86.65 103.590277777778 2 1
273.35 30.05 -86.65 62.5347222222222 300 6
273.35 30.15 -86.65 35.0277777777778 30 4
273.35 30.25 -86.65 24.9652777777778 30 4
273.35 30.35 -86.65 20.0526315789474 200 5
273.45 28.65 -86.55 489.076388888889 2 1
273.45 28.75 -86.55 450.1875 3 2
273.45 28.85 -86.55 427.527777777778 3 2
273.45 28.95 -86.55 407.506944444444 3 2
273.45 29.05 -86.55 397.590277777778 3 2
273.45 29.15 -86.55 382.701388888889 3 2
273.45 29.25 -86.55 364.368055555556 3 2
273.45 29.35 -86.55 328.041666666667 3 2
273.45 29.45 -86.55 260.270833333333 2 1
273.45 29.55 -86.55 201.173611111111 3 2
273.45 29.65 -86.55 160.444444444444 3 2
273.45 29.75 -86.55 131.756944444444 2 1
273.45 29.85 -86.55 99.9027777777778 30 4
273.45 29.95 -86.55 83.1944444444444 200 5
273.45 30.05 -86.55 49.0208333333333 300 6
273.45 30.15 -86.55 34.4375 20 3
273.45 30.25 -86.55 24.8125 200 5
273.45 30.35 -86.55 18.6456692913386 30 4
273.55 28.55 -86.45 494.180555555556 2 1
273.55 28.65 -86.45 440.916666666667 3 2
273.55 28.75 -86.45 409.458333333333 3 2
273.55 28.85 -86.45 390.076388888889 3 2
273.55 28.95 -86.45 373.75 3 2
273.55 29.05 -86.45 363.861111111111 3 2
273.55 29.15 -86.45 348.638888888889 3 2
273.55 29.25 -86.45 327.722222222222 3 2
273.55 29.35 -86.45 281.520833333333 3 2
273.55 29.45 -86.45 219.513888888889 3 2
273.55 29.55 -86.45 169.472222222222 30 4
273.55 29.65 -86.45 136.993055555556 3 2
273.55 29.75 -86.45 114.083333333333 2 1
273.55 29.85 -86.45 83.6527777777778 30 4
273.55 29.95 -86.45 68.2083333333333 200 5
273.55 30.05 -86.45 47.3888888888889 300 6
273.55 30.15 -86.45 34.0208333333333 30 4
273.55 30.25 -86.45 25.0625 200 5
273.55 30.35 -86.45 20.3275862068966 20 3
273.65 28.55 -86.35 447.638888888889 3 2
273.65 28.65 -86.35 402.256944444444 3 2
273.65 28.75 -86.35 374.680555555556 3 2
273.65 28.85 -86.35 358.597222222222 3 2
273.65 28.95 -86.35 345.361111111111 3 2
273.65 29.05 -86.35 334.631944444444 3 2
273.65 29.15 -86.35 318.215277777778 3 2
273.65 29.25 -86.35 290 3 2
273.65 29.35 -86.35 240.111111111111 3 2
273.65 29.45 -86.35 182.6875 2 1
273.65 29.55 -86.35 140.694444444444 3 2
273.65 29.65 -86.35 114.083333333333 3 2
273.65 29.75 -86.35 95.0347222222222 30 4
273.65 29.85 -86.35 75.4791666666667 20 3
273.65 29.95 -86.35 61.7361111111111 20 3
273.65 30.05 -86.35 44.25 300 6
273.65 30.15 -86.35 33.9236111111111 20 3
273.65 30.25 -86.35 26.8472222222222 20 3
273.65 30.35 -86.35 18.7830188679245 200 5
273.75 28.45 -86.25 473.805555555556 3 2
273.75 28.55 -86.25 407.145833333333 3 2
273.75 28.65 -86.25 370.125 3 2
273.75 28.75 -86.25 346.277777777778 3 2
273.75 28.85 -86.25 333.347222222222 3 2
273.75 28.95 -86.25 320.701388888889 3 2
273.75 29.05 -86.25 308.611111111111 3 2
273.75 29.15 -86.25 286.590277777778 3 2
273.75 29.25 -86.25 252.166666666667 3 2
273.75 29.35 -86.25 203.1875 3 2
273.75 29.45 -86.25 145.069444444444 30 4
273.75 29.55 -86.25 113.513888888889 2 1
273.75 29.65 -86.25 71.3819444444444 30 4
273.75 29.75 -86.25 65.5763888888889 30 4
273.75 29.85 -86.25 60.6875 2 1
273.75 29.95 -86.25 52.3819444444444 2 1
273.75 30.05 -86.25 38.0138888888889 300 6
273.75 30.15 -86.25 31.8333333333333 30 4
273.75 30.25 -86.25 26.8055555555556 200 5
273.75 30.35 -86.25 18.0428571428571 200 5
273.85 28.45 -86.15 427.520833333333 3 2
273.85 28.55 -86.15 371.944444444444 3 2
273.85 28.65 -86.15 341.590277777778 3 2
273.85 28.75 -86.15 322.909722222222 3 2
273.85 28.85 -86.15 309.930555555556 3 2
273.85 28.95 -86.15 296.423611111111 3 2
273.85 29.05 -86.15 281.965277777778 3 2
273.85 29.15 -86.15 254.180555555556 3 2
273.85 29.25 -86.15 218.041666666667 3 2
273.85 29.35 -86.15 162.659722222222 30 4
273.85 29.45 -86.15 105.791666666667 20 3
273.85 29.55 -86.15 85.0763888888889 200 5
273.85 29.65 -86.15 60.3819444444444 20 3
273.85 29.75 -86.15 47.2569444444444 20 3
273.85 29.85 -86.15 44.5555555555556 30 4
273.85 29.95 -86.15 40.7222222222222 30 4
273.85 30.05 -86.15 34.0902777777778 200 5
273.85 30.15 -86.15 30.4166666666667 200 5
273.85 30.25 -86.15 22.9236111111111 200 5
273.85 30.35 -86.15 10.2439024390244 200 5
273.95 28.35 -86.05 468.173611111111 3 2
273.95 28.45 -86.05 386 3 2
273.95 28.55 -86.05 339.791666666667 3 2
273.95 28.65 -86.05 316.638888888889 3 2
273.95 28.75 -86.05 299.520833333333 3 2
273.95 28.85 -86.05 286.402777777778 2 1
273.95 28.95 -86.05 271.555555555556 2 1
273.95 29.05 -86.05 250.854166666667 3 2
273.95 29.15 -86.05 220.909722222222 3 2
273.95 29.25 -86.05 184.715277777778 2 1
273.95 29.35 -86.05 115.402777777778 30 4
273.95 29.45 -86.05 74.8472222222222 20 3
273.95 29.55 -86.05 63.9861111111111 2 1
273.95 29.65 -86.05 46.4375 300 6
273.95 29.75 -86.05 43.7083333333333 200 5
273.95 29.85 -86.05 40.2361111111111 20 3
273.95 29.95 -86.05 35.4027777777778 300 6
273.95 30.05 -86.05 29.5902777777778 200 5
273.95 30.15 -86.05 26.6944444444444 300 6
273.95 30.25 -86.05 19.8373983739837 30 4
274.05 28.35 -85.95 421.763888888889 3 2
274.05 28.45 -85.95 349.347222222222 3 2
274.05 28.55 -85.95 312.354166666667 3 2
274.05 28.65 -85.95 292.222222222222 2 1
274.05 28.75 -85.95 274.020833333333 2 1
274.05 28.85 -85.95 260.458333333333 20 3
274.05 28.95 -85.95 241.173611111111 2 1
274.05 29.05 -85.95 217.590277777778 3 2
274.05 29.15 -85.95 192.298611111111 30 4
274.05 29.25 -85.95 148.847222222222 20 3
274.05 29.35 -85.95 73.1111111111111 30 4
274.05 29.45 -85.95 52.625 20 3
274.05 29.55 -85.95 43.3888888888889 30 4
274.05 29.65 -85.95 40.7569444444444 20 3
274.05 29.75 -85.95 39.8819444444444 200 5
274.05 29.85 -85.95 38.1736111111111 30 4
274.05 29.95 -85.95 34.2430555555556 200 5
274.05 30.05 -85.95 29.8611111111111 200 5
274.05 30.15 -85.95 23.8888888888889 200 5
274.05 30.25 -85.95 16.9264705882353 200 5
274.15 28.25 -85.85 475.979166666667 2 1
274.15 28.35 -85.85 378.159722222222 3 2
274.15 28.45 -85.85 319.0625 2 1
274.15 28.55 -85.85 286.583333333333 2 1
274.15 28.65 -85.85 265.979166666667 2 1
274.15 28.75 -85.85 245.5 3 2
274.15 28.85 -85.85 228.493055555556 3 2
274.15 28.95 -85.85 209.625 2 1
274.15 29.05 -85.85 193.333333333333 30 4
274.15 29.15 -85.85 163.270833333333 3 2
274.15 29.25 -85.85 110.361111111111 2 1
274.15 29.35 -85.85 57.0416666666667 30 4
274.15 29.45 -85.85 41.7430555555556 30 4
274.15 29.55 -85.85 37.9930555555556 30 4
274.15 29.65 -85.85 36.6875 30 4
274.15 29.75 -85.85 36.4791666666667 20 3
274.15 29.85 -85.85 34.1805555555556 20 3
274.15 29.95 -85.85 30.3055555555556 200 5
274.15 30.05 -85.85 25.2291666666667 20 3
274.15 30.15 -85.85 18.9545454545455 20 3
274.25 28.25 -85.75 427.027777777778 20 3
274.25 28.35 -85.75 342.784722222222 20 3
274.25 28.45 -85.75 289.333333333333 20 3
274.25 28.55 -85.75 258.75 2 1
274.25 28.65 -85.75 235.631944444444 3 2
274.25 28.75 -85.75 214.583333333333 20 3
274.25 28.85 -85.75 199.298611111111 2 1
274.25 28.95 -85.75 186.305555555556 3 2
274.25 29.05 -85.75 173.854166666667 3 2
274.25 29.15 -85.75 124.083333333333 3 2
274.25 29.25 -85.75 84.7569444444444 2 1
274.25 29.35 -85.75 50.9722222222222 30 4
274.25 29.45 -85.75 36.1597222222222 30 4
274.25 29.55 -85.75 32.1319444444444 30 4
274.25 29.65 -85.75 30.3402777777778 30 4
274.25 29.75 -85.75 31.5625 30 4
274.25 29.85 -85.75 29.9236111111111 30 4
274.25 29.95 -85.75 25.7430555555556 20 3
274.25 30.05 -85.75 19.7152777777778 20 3
274.25 30.15 -85.75 10.7866666666667 20 3
274.35 28.15 -85.65 485.576388888889 20 3
274.35 28.25 -85.65 379.881944444444 20 3
274.35 28.35 -85.65 309.416666666667 20 3
274.35 28.45 -85.65 259.215277777778 2 1
274.35 28.55 -85.65 226.298611111111 2 1
274.35 28.65 -85.65 208.583333333333 2 1
274.35 28.75 -85.65 190.847222222222 3 2
274.35 28.85 -85.65 179.576388888889 3 2
274.35 28.95 -85.65 167.555555555556 3 2
274.35 29.05 -85.65 149.291666666667 3 2
274.35 29.15 -85.65 112.576388888889 3 2
274.35 29.25 -85.65 68.3263888888889 30 4
274.35 29.35 -85.65 46.1736111111111 30 4
274.35 29.45 -85.65 27.3888888888889 30 4
274.35 29.55 -85.65 26.0694444444444 30 4
274.35 29.65 -85.65 27.7777777777778 30 4
274.35 29.75 -85.65 27.3125 30 4
274.35 29.85 -85.65 24.8125 20 3
274.35 29.95 -85.65 21.9097222222222 20 3
274.35 30.05 -85.65 13.024 20 3
274.45 28.15 -85.55 432.25 20 3
274.45 28.25 -85.55 339.75 20 3
274.45 28.35 -85.55 276.611111111111 20 3
274.45 28.45 -85.55 226.458333333333 2 1
274.45 28.55 -85.55 203.854166666667 3 2
274.45 28.65 -85.55 190.597222222222 3 2
274.45 28.75 -85.55 173.347222222222 3 2
274.45 28.85 -85.55 159.423611111111 2 1
274.45 28.95 -85.55 140.868055555556 2 1
274.45 29.05 -85.55 101.777777777778 2 1
274.45 29.15 -85.55 87.9305555555556 30 4
274.45 29.25 -85.55 60.4930555555556 20 3
274.45 29.35 -85.55 38.4583333333333 30 4
274.45 29.45 -85.55 21.2083333333333 30 4
274.45 29.55 -85.55 19.7013888888889 30 4
274.45 29.65 -85.55 23.3472222222222 30 4
274.45 29.75 -85.55 22.4583333333333 20 3
274.45 29.85 -85.55 19.9722222222222 30 4
274.45 29.95 -85.55 13.1870503597122 20 3
274.55 28.05 -85.45 481.625 20 3
274.55 28.15 -85.45 378.590277777778 20 3
274.55 28.25 -85.45 298.027777777778 20 3
274.55 28.35 -85.45 239.229166666667 20 3
274.55 28.45 -85.45 201.555555555556 3 2
274.55 28.55 -85.45 188.020833333333 3 2
274.55 28.65 -85.45 175.222222222222 3 2
274.55 28.75 -85.45 151.298611111111 2 1
274.55 28.85 -85.45 125.8125 30 4
274.55 28.95 -85.45 105.486111111111 20 3
274.55 29.05 -85.45 58.4097222222222 30 4
274.55 29.15 -85.45 53.4166666666667 20 3
274.55 29.25 -85.45 46.6319444444444 30 4
274.55 29.35 -85.45 34.3194444444444 300 6
274.55 29.45 -85.45 23.3472222222222 30 4
274.55 29.55 -85.45 12.3333333333333 30 4
274.55 29.65 -85.45 13.9097222222222 20 3
274.55 29.75 -85.45 12.758865248227 30 4
274.65 28.05 -85.35 415.284722222222 3 2
274.65 28.15 -85.35 325.916666666667 3 2
274.65 28.25 -85.35 257.381944444444 3 2
274.65 28.35 -85.35 207.576388888889 2 1
274.65 28.45 -85.35 184.854166666667 20 3
274.65 28.55 -85.35 172.979166666667 3 2
274.65 28.65 -85.35 158.034722222222 3 2
274.65 28.75 -85.35 126.743055555556 20 3
274.65 28.85 -85.35 99.0208333333333 20 3
274.65 28.95 -85.35 75.4513888888889 20 3
274.65 29.05 -85.35 46.1527777777778 30 4
274.65 29.15 -85.35 41.0833333333333 30 4
274.65 29.25 -85.35 38.0208333333333 30 4
274.65 29.35 -85.35 29.4097222222222 30 4
274.65 29.45 -85.35 25.6666666666667 300 6
274.65 29.55 -85.35 12.8611111111111 30 4
274.75 27.95 -85.25 432.930555555556 3 2
274.75 28.05 -85.25 353.569444444444 3 2
274.75 28.15 -85.25 279.069444444444 3 2
274.75 28.25 -85.25 221.152777777778 3 2
274.75 28.35 -85.25 184.138888888889 20 3
274.75 28.45 -85.25 170.444444444444 3 2
274.75 28.55 -85.25 156.8125 3 2
274.75 28.65 -85.25 140.298611111111 30 4
274.75 28.75 -85.25 116.118055555556 30 4
274.75 28.85 -85.25 92.1041666666667 20 3
274.75 28.95 -85.25 61.8958333333333 20 3
274.75 29.05 -85.25 42.9930555555556 30 4
274.75 29.15 -85.25 37.1180555555556 30 4
274.75 29.25 -85.25 33.4583333333333 30 4
274.75 29.35 -85.25 27.7152777777778 2 1
274.75 29.45 -85.25 23.6805555555556 20 3
274.75 29.55 -85.25 13.0694444444444 2 1
274.85 27.75 -85.15 467.194444444444 3 2
274.85 27.85 -85.15 416.75 30 4
274.85 27.95 -85.15 364.013888888889 30 4
274.85 28.05 -85.15 297.652777777778 3 2
274.85 28.15 -85.15 237.430555555556 3 2
274.85 28.25 -85.15 187.847222222222 3 2
274.85 28.35 -85.15 166.069444444444 30 4
274.85 28.45 -85.15 152.125 30 4
274.85 28.55 -85.15 136.458333333333 30 4
274.85 28.65 -85.15 119.944444444444 30 4
274.85 28.75 -85.15 98.6319444444444 30 4
274.85 28.85 -85.15 71.0347222222222 200 5
274.85 28.95 -85.15 54.5208333333333 20 3
274.85 29.05 -85.15 39.9375 30 4
274.85 29.15 -85.15 35.0208333333333 20 3
274.85 29.25 -85.15 30.9166666666667 30 4
274.85 29.35 -85.15 25.2222222222222 300 6
274.85 29.45 -85.15 20.2638888888889 300 6
274.85 29.55 -85.15 11.0902777777778 30 4
274.95 27.45 -85.05 493.034722222222 3 2
274.95 27.55 -85.05 446.805555555556 3 2
274.95 27.65 -85.05 406.993055555556 3 2
274.95 27.75 -85.05 374.034722222222 30 4
274.95 27.85 -85.05 344.236111111111 30 4
274.95 27.95 -85.05 299.951388888889 30 4
274.95 28.05 -85.05 250.5 30 4
274.95 28.15 -85.05 201.263888888889 20 3
274.95 28.25 -85.05 163.298611111111 20 3
274.95 28.35 -85.05 140.145833333333 20 3
274.95 28.45 -85.05 122.965277777778 20 3
274.95 28.55 -85.05 110.180555555556 20 3
274.95 28.65 -85.05 90.7013888888889 20 3
274.95 28.75 -85.05 69.7916666666667 2 1
274.95 28.85 -85.05 53.7291666666667 20 3
274.95 28.95 -85.05 47.1319444444444 30 4
274.95 29.05 -85.05 38.1111111111111 30 4
274.95 29.15 -85.05 33.0763888888889 30 4
274.95 29.25 -85.05 29.4236111111111 30 4
274.95 29.35 -85.05 24.4305555555556 300 6
274.95 29.45 -85.05 12.8888888888889 300 6
275.05 27.15 -84.95 493.826388888889 30 4
275.05 27.25 -84.95 446.013888888889 3000 8
275.05 27.35 -84.95 407.090277777778 3000 8
275.05 27.45 -84.95 372.895833333333 3000 8
275.05 27.55 -84.95 346.993055555556 3000 8
275.05 27.65 -84.95 320.902777777778 30 4
275.05 27.75 -84.95 302.256944444444 30 4
275.05 27.85 -84.95 279.993055555556 30 4
275.05 27.95 -84.95 251.083333333333 30 4
275.05 28.05 -84.95 211.479166666667 20 3
275.05 28.15 -84.95 167.472222222222 20 3
275.05 28.25 -84.95 133.805555555556 20 3
275.05 28.35 -84.95 107.590277777778 20 3
275.05 28.45 -84.95 92.5347222222222 20 3
275.05 28.55 -84.95 74.4305555555556 30 4
275.05 28.65 -84.95 58.9236111111111 200 5
275.05 28.75 -84.95 51.4444444444444 200 5
275.05 28.85 -84.95 47.375 200 5
275.05 28.95 -84.95 42.6111111111111 300 6
275.05 29.05 -84.95 39.2083333333333 200 5
275.05 29.15 -84.95 32.3055555555556 30 4
275.05 29.25 -84.95 28.0763888888889 30 4
275.05 29.35 -84.95 24.5972222222222 200 5
275.05 29.45 -84.95 15.1527777777778 200 5
275.15 26.85 -84.85 447.388888888889 30 4
275.15 26.95 -84.85 361.590277777778 3 2
275.15 27.05 -84.85 333.5 3 2
275.15 27.15 -84.85 314.368055555556 3 2
275.15 27.25 -84.85 300.958333333333 3000 8
275.15 27.35 -84.85 287.826388888889 3000 8
275.15 27.45 -84.85 275.041666666667 3000 8
275.15 27.55 -84.85 265.847222222222 3000 8
275.15 27.65 -84.85 254.541666666667 20 3
275.15 27.75 -84.85 248.243055555556 20 3
275.15 27.85 -84.85 232.930555555556 30 4
275.15 27.95 -84.85 212.013888888889 30 4
275.15 28.05 -84.85 169.319444444444 3 2
275.15 28.15 -84.85 127.826388888889 20 3
275.15 28.25 -84.85 95.9652777777778 20 3
275.15 28.35 -84.85 78.7291666666667 30 4
275.15 28.45 -84.85 64.4583333333333 30 4
275.15 28.55 -84.85 55.9861111111111 200 5
275.15 28.65 -84.85 52.0763888888889 300 6
275.15 28.75 -84.85 49.3125 200 5
275.15 28.85 -84.85 45.7083333333333 300 6
275.15 28.95 -84.85 42.3888888888889 300 6
275.15 29.05 -84.85 38.5694444444444 200 5
275.15 29.15 -84.85 33.9166666666667 300 6
275.15 29.25 -84.85 29.0486111111111 30 4
275.15 29.35 -84.85 26.1388888888889 30 4
275.15 29.45 -84.85 21.6041666666667 20 3
275.15 29.55 -84.85 13.4166666666667 30 4
275.25 26.35 -84.75 490.013888888889 300 6
275.25 26.45 -84.75 384.659722222222 300 6
275.25 26.55 -84.75 323.097222222222 30 4
275.25 26.65 -84.75 291.145833333333 20 3
275.25 26.75 -84.75 273.541666666667 20 3
275.25 26.85 -84.75 260.083333333333 2 1
275.25 26.95 -84.75 245.5 3 2
275.25 27.05 -84.75 234.166666666667 3 2
275.25 27.15 -84.75 228.472222222222 3 2
275.25 27.25 -84.75 229.875 3000 8
275.25 27.35 -84.75 226.576388888889 3000 8
275.25 27.45 -84.75 222.694444444444 20 3
275.25 27.55 -84.75 218.368055555556 20 3
275.25 27.65 -84.75 214.770833333333 20 3
275.25 27.75 -84.75 209.659722222222 30 4
275.25 27.85 -84.75 197.201388888889 3 2
275.25 27.95 -84.75 171.152777777778 3 2
275.25 28.05 -84.75 127.013888888889 20 3
275.25 28.15 -84.75 87.0069444444444 30 4
275.25 28.25 -84.75 73.8958333333333 30 4
275.25 28.35 -84.75 64.8472222222222 30 4
275.25 28.45 -84.75 60.9722222222222 20 3
275.25 28.55 -84.75 55.9236111111111 200 5
275.25 28.65 -84.75 53.2361111111111 300 6
275.25 28.75 -84.75 48.5902777777778 200 5
275.25 28.85 -84.75 42.8055555555556 20 3
275.25 28.95 -84.75 40.1666666666667 300 6
275.25 29.05 -84.75 37.1875 200 5
275.25 29.15 -84.75 34.25 300 6
275.25 29.25 -84.75 32.4375 2 1
275.25 29.35 -84.75 28.1458333333333 30 4
275.25 29.45 -84.75 24.5138888888889 20 3
275.25 29.55 -84.75 17.125 20 3
275.35 25.95 -84.65 481.888888888889 30 4
275.35 26.05 -84.65 385.055555555556 30 4
275.35 26.15 -84.65 315.402777777778 3000 8
275.35 26.25 -84.65 266.006944444444 3000 8
275.35 26.35 -84.65 248.881944444444 2000 7
275.35 26.45 -84.65 237.569444444444 30 4
275.35 26.55 -84.65 232.611111111111 30 4
275.35 26.65 -84.65 222.902777777778 20 3
275.35 26.75 -84.65 221.604166666667 20 3
275.35 26.85 -84.65 222 200 5
275.35 26.95 -84.65 215.4375 200 5
275.35 27.05 -84.65 206.791666666667 20 3
275.35 27.15 -84.65 199.326388888889 200 5
275.35 27.25 -84.65 190.638888888889 3000 8
275.35 27.35 -84.65 184.305555555556 300 6
275.35 27.45 -84.65 184.638888888889 30 4
275.35 27.55 -84.65 180.3125 20 3
275.35 27.65 -84.65 180.493055555556 2 1
275.35 27.75 -84.65 175.604166666667 300 6
275.35 27.85 -84.65 158.180555555556 30 4
275.35 27.95 -84.65 125.069444444444 30 4
275.35 28.05 -84.65 92.0625 30 4
275.35 28.15 -84.65 75.0069444444444 30 4
275.35 28.25 -84.65 69.3125 30 4
275.35 28.35 -84.65 65.4791666666667 30 4
275.35 28.45 -84.65 60.8194444444444 30 4
275.35 28.55 -84.65 54.7777777777778 300 6
275.35 28.65 -84.65 50.1805555555556 30 4
275.35 28.75 -84.65 45.6458333333333 30 4
275.35 28.85 -84.65 41.7222222222222 30 4
275.35 28.95 -84.65 38.1944444444444 300 6
275.35 29.05 -84.65 35.3402777777778 300 6
275.35 29.15 -84.65 33.2569444444444 300 6
275.35 29.25 -84.65 32.3402777777778 200 5
275.35 29.35 -84.65 29.9791666666667 20 3
275.35 29.45 -84.65 24.6736111111111 20 3
275.35 29.55 -84.65 18.9791666666667 300 6
275.35 29.65 -84.65 14.0347222222222 300 6
275.45 25.65 -84.55 447.791666666667 30 4
275.45 25.75 -84.55 351.222222222222 30 4
275.45 25.85 -84.55 289.236111111111 20 3
275.45 25.95 -84.55 251.958333333333 20 3
275.45 26.05 -84.55 234.951388888889 20 3
275.45 26.15 -84.55 222.145833333333 3000 8
275.45 26.25 -84.55 219.298611111111 3000 8
275.45 26.35 -84.55 215.465277777778 3000 8
275.45 26.45 -84.55 208.784722222222 30 4
275.45 26.55 -84.55 204.569444444444 200 5
275.45 26.65 -84.55 198.791666666667 20 3
275.45 26.75 -84.55 193.659722222222 3000 8
275.45 26.85 -84.55 191.034722222222 20 3
275.45 26.95 -84.55 187.5625 20 3
275.45 27.05 -84.55 179.5625 200 5
275.45 27.15 -84.55 174.736111111111 200 5
275.45 27.25 -84.55 165.0625 200 5
275.45 27.35 -84.55 155.5 20 3
275.45 27.45 -84.55 146.534722222222 300 6
275.45 27.55 -84.55 143.395833333333 20 3
275.45 27.65 -84.55 139.090277777778 200 5
275.45 27.75 -84.55 133.784722222222 300 6
275.45 27.85 -84.55 115.861111111111 30 4
275.45 27.95 -84.55 93.4513888888889 20 3
275.45 28.05 -84.55 76.5902777777778 30 4
275.45 28.15 -84.55 70.6458333333333 20 3
275.45 28.25 -84.55 65.9791666666667 200 5
275.45 28.35 -84.55 61.5972222222222 20 3
275.45 28.45 -84.55 57.2083333333333 200 5
275.45 28.55 -84.55 51.3611111111111 30 4
275.45 28.65 -84.55 46.0486111111111 30 4
275.45 28.75 -84.55 42.125 20 3
275.45 28.85 -84.55 38.7083333333333 20 3
275.45 28.95 -84.55 36.0972222222222 200 5
275.45 29.05 -84.55 33.2222222222222 200 5
275.45 29.15 -84.55 30.8819444444444 300 6
275.45 29.25 -84.55 30.0902777777778 200 5
275.45 29.35 -84.55 29.2777777777778 200 5
275.45 29.45 -84.55 25.1944444444444 20 3
275.45 29.55 -84.55 20.1944444444444 200 5
275.45 29.65 -84.55 15.7638888888889 300 6
275.55 25.35 -84.45 457.020833333333 30 4
275.55 25.45 -84.45 350.854166666667 30 4
275.55 25.55 -84.45 295.076388888889 30 4
275.55 25.65 -84.45 245.034722222222 30 4
275.55 25.75 -84.45 220.125 2000 7
275.55 25.85 -84.45 214.458333333333 20 3
275.55 25.95 -84.45 215.083333333333 20 3
275.55 26.05 -84.45 215.013888888889 20 3
275.55 26.15 -84.45 212.611111111111 3000 8
275.55 26.25 -84.45 210.298611111111 30 4
275.55 26.35 -84.45 205.9375 30 4
275.55 26.45 -84.45 200.777777777778 300 6
275.55 26.55 -84.45 197.513888888889 200 5
275.55 26.65 -84.45 193.159722222222 20 3
275.55 26.75 -84.45 184.534722222222 20 3
275.55 26.85 -84.45 172.75 20 3
275.55 26.95 -84.45 166.388888888889 200 5
275.55 27.05 -84.45 160.951388888889 200 5
275.55 27.15 -84.45 156.25 20 3
275.55 27.25 -84.45 146.722222222222 200 5
275.55 27.35 -84.45 136.597222222222 300 6
275.55 27.45 -84.45 127.416666666667 300 6
275.55 27.55 -84.45 122.201388888889 300 6
275.55 27.65 -84.45 112.548611111111 2 1
275.55 27.75 -84.45 101.604166666667 200 5
275.55 27.85 -84.45 86.3819444444444 200 5
275.55 27.95 -84.45 79.3680555555556 20 3
275.55 28.05 -84.45 70.2430555555556 200 5
275.55 28.15 -84.45 64.9166666666667 30 4
275.55 28.25 -84.45 60.7430555555556 20 3
275.55 28.35 -84.45 55.5208333333333 30 4
275.55 28.45 -84.45 49.25 30 4
275.55 28.55 -84.45 44.7291666666667 30 4
275.55 28.65 -84.45 41.3680555555556 30 4
275.55 28.75 -84.45 38.4166666666667 30 4
275.55 28.85 -84.45 35.4861111111111 30 4
275.55 28.95 -84.45 32.9652777777778 200 5
275.55 29.05 -84.45 30.5902777777778 200 5
275.55 29.15 -84.45 28.5972222222222 200 5
275.55 29.25 -84.45 28.3402777777778 20 3
275.55 29.35 -84.45 26.9097222222222 30 4
275.55 29.45 -84.45 24.1458333333333 30 4
275.55 29.55 -84.45 19.7430555555556 20 3
275.55 29.65 -84.45 16.2708333333333 30 4
275.55 29.75 -84.45 10.6458333333333 30 4
275.65 25.15 -84.35 410.118055555556 3000 8
275.65 25.25 -84.35 325.006944444444 30 4
275.65 25.35 -84.35 250.444444444444 3000 8
275.65 25.45 -84.35 186.402777777778 30 4
275.65 25.55 -84.35 180.923611111111 20 3
275.65 25.65 -84.35 175.791666666667 3000 8
275.65 25.75 -84.35 178.638888888889 3000 8
275.65 25.85 -84.35 192.243055555556 3000 8
275.65 25.95 -84.35 197.819444444444 20 3
275.65 26.05 -84.35 199.673611111111 30 4
275.65 26.15 -84.35 196.340277777778 30 4
275.65 26.25 -84.35 193.284722222222 30 4
275.65 26.35 -84.35 190.791666666667 30 4
275.65 26.45 -84.35 186.090277777778 30 4
275.65 26.55 -84.35 181.638888888889 30 4
275.65 26.65 -84.35 173.833333333333 200 5
275.65 26.75 -84.35 167.270833333333 20 3
275.65 26.85 -84.35 159.743055555556 30 4
275.65 26.95 -84.35 151.909722222222 20 3
275.65 27.05 -84.35 142.756944444444 200 5
275.65 27.15 -84.35 133.819444444444 20 3
275.65 27.25 -84.35 129.048611111111 30 4
275.65 27.35 -84.35 118.979166666667 30 4
275.65 27.45 -84.35 108.090277777778 200 5
275.65 27.55 -84.35 96.2847222222222 200 5
275.65 27.65 -84.35 86.5972222222222 200 5
275.65 27.75 -84.35 78.0208333333333 300 6
275.65 27.85 -84.35 73.4930555555556 200 5
275.65 27.95 -84.35 66.8958333333333 30 4
275.65 28.05 -84.35 62.2083333333333 20 3
275.65 28.15 -84.35 57.3541666666667 30 4
275.65 28.25 -84.35 53.5347222222222 200 5
275.65 28.35 -84.35 48.2986111111111 30 4
275.65 28.45 -84.35 40.6944444444444 30 4
275.65 28.55 -84.35 37.4375 30 4
275.65 28.65 -84.35 35.7291666666667 300 6
275.65 28.75 -84.35 35.6319444444444 30 4
275.65 28.85 -84.35 33.8611111111111 30 4
275.65 28.95 -84.35 31.3541666666667 20 3
275.65 29.05 -84.35 29.0416666666667 20 3
275.65 29.15 -84.35 27.7152777777778 30 4
275.65 29.25 -84.35 26.4722222222222 30 4
275.65 29.35 -84.35 24.7430555555556 30 4
275.65 29.45 -84.35 22.6805555555556 30 4
275.65 29.55 -84.35 19.7430555555556 20 3
275.65 29.65 -84.35 17.875 300 6
275.65 29.75 -84.35 12.5694444444444 30 4
275.75 24.95 -84.25 429.486111111111 3000 8
275.75 25.05 -84.25 327.819444444444 3000 8
275.75 25.15 -84.25 234.284722222222 3000 8
275.75 25.25 -84.25 172.194444444444 2000 7
275.75 25.35 -84.25 161.770833333333 3000 8
275.75 25.45 -84.25 160.729166666667 30 4
275.75 25.55 -84.25 164.597222222222 20 3
275.75 25.65 -84.25 165.215277777778 2 1
275.75 25.75 -84.25 165.722222222222 30 4
275.75 25.85 -84.25 168.201388888889 30 4
275.75 25.95 -84.25 174.055555555556 30 4
275.75 26.05 -84.25 179.1875 30 4
275.75 26.15 -84.25 179.173611111111 30 4
275.75 26.25 -84.25 175.618055555556 30 4
275.75 26.35 -84.25 172.736111111111 30 4
275.75 26.45 -84.25 168.291666666667 30 4
275.75 26.55 -84.25 161.083333333333 20 3
275.75 26.65 -84.25 152.743055555556 20 3
275.75 26.75 -84.25 147.256944444444 30 4
275.75 26.85 -84.25 137.729166666667 30 4
275.75 26.95 -84.25 132.729166666667 20 3
275.75 27.05 -84.25 126.972222222222 20 3
275.75 27.15 -84.25 117.861111111111 30 4
275.75 27.25 -84.25 105.5 30 4
275.75 27.35 -84.25 90.6944444444444 20 3
275.75 27.45 -84.25 81.9722222222222 30 4
275.75 27.55 -84.25 77.7013888888889 20 3
275.75 27.65 -84.25 71.875 300 6
275.75 27.75 -84.25 66.1458333333333 200 5
275.75 27.85 -84.25 61.4375 200 5
275.75 27.95 -84.25 58.0069444444444 20 3
275.75 28.05 -84.25 53.4166666666667 20 3
275.75 28.15 -84.25 49.7430555555556 30 4
275.75 28.25 -84.25 48.2083333333333 30 4
275.75 28.35 -84.25 44.6805555555556 300 6
275.75 28.45 -84.25 36.8819444444444 300 6
275.75 28.55 -84.25 34.9513888888889 30 4
275.75 28.65 -84.25 35.2638888888889 200 5
275.75 28.75 -84.25 35.375 30 4
275.75 28.85 -84.25 31.8611111111111 30 4
275.75 28.95 -84.25 29.4791666666667 20 3
275.75 29.05 -84.25 28.0763888888889 20 3
275.75 29.15 -84.25 26.6180555555556 30 4
275.75 29.25 -84.25 25.25 30 4
275.75 29.35 -84.25 23.3055555555556 30 4
275.75 29.45 -84.25 21.6736111111111 30 4
275.75 29.55 -84.25 19.2361111111111 30 4
275.75 29.65 -84.25 17.125 200 5
275.75 29.75 -84.25 12.0277777777778 30 4
275.85 24.85 -84.15 393.3125 3000 8
275.85 24.95 -84.15 271.229166666667 3000 8
275.85 25.05 -84.15 165.784722222222 3000 8
275.85 25.15 -84.15 147.409722222222 2000 7
275.85 25.25 -84.15 149.020833333333 30 4
275.85 25.35 -84.15 150.930555555556 30 4
275.85 25.45 -84.15 152.576388888889 20 3
275.85 25.55 -84.15 154.854166666667 30 4
275.85 25.65 -84.15 157.798611111111 20 3
275.85 25.75 -84.15 159.083333333333 2000 7
275.85 25.85 -84.15 159.555555555556 2000 7
275.85 25.95 -84.15 164.194444444444 20 3
275.85 26.05 -84.15 162.166666666667 20 3
275.85 26.15 -84.15 160.840277777778 3000 8
275.85 26.25 -84.15 159.479166666667 3000 8
275.85 26.35 -84.15 156.326388888889 30 4
275.85 26.45 -84.15 152.881944444444 20 3
275.85 26.55 -84.15 147.611111111111 20 3
275.85 26.65 -84.15 139.777777777778 20 3
275.85 26.75 -84.15 126.958333333333 20 3
275.85 26.85 -84.15 120.826388888889 20 3
275.85 26.95 -84.15 110.9375 20 3
275.85 27.05 -84.15 103.048611111111 20 3
275.85 27.15 -84.15 93.1041666666667 30 4
275.85 27.25 -84.15 86.4305555555556 20 3
275.85 27.35 -84.15 81.1666666666667 20 3
275.85 27.45 -84.15 74.4236111111111 20 3
275.85 27.55 -84.15 67.0763888888889 20 3
275.85 27.65 -84.15 63.2638888888889 200 5
275.85 27.75 -84.15 57.6875 300 6
275.85 27.85 -84.15 54.1527777777778 200 5
275.85 27.95 -84.15 49.6388888888889 200 5
275.85 28.05 -84.15 47.5277777777778 2 1
275.85 28.15 -84.15 45.7083333333333 2 1
275.85 28.25 -84.15 39.7986111111111 300 6
275.85 28.35 -84.15 35.6944444444444 300 6
275.85 28.45 -84.15 35.8819444444444 300 6
275.85 28.55 -84.15 36.375 3 2
275.85 28.65 -84.15 35.8263888888889 3 2
275.85 28.75 -84.15 33.1597222222222 20 3
275.85 28.85 -84.15 29.75 20 3
275.85 28.95 -84.15 29.5694444444444 2 1
275.85 29.05 -84.15 28.1319444444444 30 4
275.85 29.15 -84.15 25.9166666666667 30 4
275.85 29.25 -84.15 24 30 4
275.85 29.35 -84.15 22.0972222222222 30 4
275.85 29.45 -84.15 20.7013888888889 30 4
275.85 29.55 -84.15 19.125 30 4
275.85 29.65 -84.15 15.3611111111111 30 4
275.85 29.75 -84.15 10.7777777777778 30 4
275.95 24.85 -84.05 234.013888888889 30 4
275.95 24.95 -84.05 141 3000 8
275.95 25.05 -84.05 133.993055555556 30 4
275.95 25.15 -84.05 136.645833333333 20 3
275.95 25.25 -84.05 137.319444444444 20 3
275.95 25.35 -84.05 140.215277777778 30 4
275.95 25.45 -84.05 142.361111111111 200 5
275.95 25.55 -84.05 144.993055555556 20 3
275.95 25.65 -84.05 145.152777777778 30 4
275.95 25.75 -84.05 144.597222222222 2000 7
275.95 25.85 -84.05 146.451388888889 20 3
275.95 25.95 -84.05 147.472222222222 20 3
275.95 26.05 -84.05 146.381944444444 20 3
275.95 26.15 -84.05 144.458333333333 30 4
275.95 26.25 -84.05 142.354166666667 30 4
275.95 26.35 -84.05 139.965277777778 20 3
275.95 26.45 -84.05 136.958333333333 20 3
275.95 26.55 -84.05 130.243055555556 20 3
275.95 26.65 -84.05 123.770833333333 20 3
275.95 26.75 -84.05 111.847222222222 30 4
275.95 26.85 -84.05 93.6180555555556 20 3
275.95 26.95 -84.05 90.7847222222222 30 4
275.95 27.05 -84.05 87.4375 30 4
275.95 27.15 -84.05 81.4305555555556 20 3
275.95 27.25 -84.05 75.3541666666667 20 3
275.95 27.35 -84.05 72.375 30 4
275.95 27.45 -84.05 67.7291666666667 30 4
275.95 27.55 -84.05 64.5416666666667 30 4
275.95 27.65 -84.05 60.5625 200 5
275.95 27.75 -84.05 57.6736111111111 200 5
275.95 27.85 -84.05 54.2291666666667 20 3
275.95 27.95 -84.05 49.125 30 4
275.95 28.05 -84.05 45.4305555555556 2 1
275.95 28.15 -84.05 42.1944444444444 2 1
275.95 28.25 -84.05 37.6944444444444 30 4
275.95 28.35 -84.05 36.9027777777778 300 6
275.95 28.45 -84.05 36.3958333333333 30 4
275.95 28.55 -84.05 34.6944444444444 20 3
275.95 28.65 -84.05 32.7847222222222 3 2
275.95 28.75 -84.05 32.0555555555556 20 3
275.95 28.85 -84.05 29.2430555555556 30 4
275.95 28.95 -84.05 28.5972222222222 30 4
275.95 29.05 -84.05 27.5972222222222 30 4
275.95 29.15 -84.05 24.5833333333333 30 4
275.95 29.25 -84.05 22.5416666666667 30 4
275.95 29.35 -84.05 20.8402777777778 30 4
275.95 29.45 -84.05 19.7916666666667 30 4
275.95 29.55 -84.05 18.8958333333333 30 4
275.95 29.65 -84.05 14.2430555555556 300 6
275.95 29.75 -84.05 10.0694444444444 2 1
276.05 24.75 -83.95 306.784722222222 30 4
276.05 24.85 -83.95 135.1875 3000 8
276.05 24.95 -83.95 122.409722222222 30 4
276.05 25.05 -83.95 124.416666666667 20 3
276.05 25.15 -83.95 125.479166666667 20 3
276.05 25.25 -83.95 125.381944444444 30 4
276.05 25.35 -83.95 127.506944444444 3000 8
276.05 25.45 -83.95 129.618055555556 200 5
276.05 25.55 -83.95 130.597222222222 300 6
276.05 25.65 -83.95 131.208333333333 20 3
276.05 25.75 -83.95 132.798611111111 30 4
276.05 25.85 -83.95 133.381944444444 30 4
276.05 25.95 -83.95 134.708333333333 20 3
276.05 26.05 -83.95 130.465277777778 20 3
276.05 26.15 -83.95 128.388888888889 20 3
276.05 26.25 -83.95 126.472222222222 20 3
276.05 26.35 -83.95 123.361111111111 20 3
276.05 26.45 -83.95 120.180555555556 20 3
276.05 26.55 -83.95 112.791666666667 30 4
276.05 26.65 -83.95 102.506944444444 2000 7
276.05 26.75 -83.95 89.7708333333333 3000 8
276.05 26.85 -83.95 84.0416666666667 30 4
276.05 26.95 -83.95 80.3402777777778 20 3
276.05 27.05 -83.95 77.2638888888889 30 4
276.05 27.15 -83.95 72.4722222222222 30 4
276.05 27.25 -83.95 69.4444444444444 2000 7
276.05 27.35 -83.95 66.0902777777778 30 4
276.05 27.45 -83.95 60.7569444444444 30 4
276.05 27.55 -83.95 55.8194444444444 20 3
276.05 27.65 -83.95 54.2569444444444 30 4
276.05 27.75 -83.95 52.1180555555556 30 4
276.05 27.85 -83.95 49.6597222222222 30 4
276.05 27.95 -83.95 46.625 30 4
276.05 28.05 -83.95 42.9444444444444 20 3
276.05 28.15 -83.95 40.4791666666667 300 6
276.05 28.25 -83.95 37.9444444444444 300 6
276.05 28.35 -83.95 36.2916666666667 300 6
276.05 28.45 -83.95 34.3263888888889 300 6
276.05 28.55 -83.95 32.6111111111111 200 5
276.05 28.65 -83.95 30.7986111111111 20 3
276.05 28.75 -83.95 29.8263888888889 20 3
276.05 28.85 -83.95 28.5763888888889 20 3
276.05 28.95 -83.95 26.5347222222222 20 3
276.05 29.05 -83.95 25.7291666666667 200 5
276.05 29.15 -83.95 22.8125 2 1
276.05 29.25 -83.95 20.5138888888889 20 3
276.05 29.35 -83.95 19.2291666666667 30 4
276.05 29.45 -83.95 18.6041666666667 300 6
276.05 29.55 -83.95 17.0138888888889 30 4
276.05 29.65 -83.95 13.9375 300 6
276.05 29.75 -83.95 10.0833333333333 20 3
276.15 24.75 -83.85 142.055555555556 300 6
276.15 24.85 -83.85 89.8680555555556 200 5
276.15 24.95 -83.85 105.826388888889 20 3
276.15 25.05 -83.85 111.020833333333 200 5
276.15 25.15 -83.85 113.118055555556 20 3
276.15 25.25 -83.85 114.229166666667 30 4
276.15 25.35 -83.85 115.430555555556 30 4
276.15 25.45 -83.85 115.090277777778 30 4
276.15 25.55 -83.85 114.173611111111 2000 7
276.15 25.65 -83.85 114.798611111111 30 4
276.15 25.75 -83.85 113.826388888889 30 4
276.15 25.85 -83.85 113.347222222222 20 3
276.15 25.95 -83.85 110.506944444444 20 3
276.15 26.05 -83.85 107.527777777778 20 3
276.15 26.15 -83.85 104.777777777778 20 3
276.15 26.25 -83.85 104.486111111111 200 5
276.15 26.35 -83.85 103.680555555556 200 5
276.15 26.45 -83.85 100.548611111111 20 3
276.15 26.55 -83.85 90.7291666666667 20 3
276.15 26.65 -83.85 84.8402777777778 20 3
276.15 26.75 -83.85 79.5208333333333 3000 8
276.15 26.85 -83.85 75.4097222222222 20 3
276.15 26.95 -83.85 70.2916666666667 30 4
276.15 27.05 -83.85 67.1875 30 4
276.15 27.15 -83.85 63.5625 200 5
276.15 27.25 -83.85 59.5208333333333 30 4
276.15 27.35 -83.85 57.3888888888889 30 4
276.15 27.45 -83.85 55.6388888888889 30 4
276.15 27.55 -83.85 52.6944444444444 20 3
276.15 27.65 -83.85 49.9027777777778 3 2
276.15 27.75 -83.85 47.7152777777778 20 3
276.15 27.85 -83.85 45.6319444444444 20 3
276.15 27.95 -83.85 42.2986111111111 20 3
276.15 28.05 -83.85 40.4513888888889 20 3
276.15 28.15 -83.85 38.5972222222222 200 5
276.15 28.25 -83.85 36.2291666666667 300 6
276.15 28.35 -83.85 33.6319444444444 200 5
276.15 28.45 -83.85 32.1388888888889 30 4
276.15 28.55 -83.85 30.375 30 4
276.15 28.65 -83.85 28.4444444444444 20 3
276.15 28.75 -83.85 27.1111111111111 200 5
276.15 28.85 -83.85 26.1597222222222 200 5
276.15 28.95 -83.85 23.8819444444444 20 3
276.15 29.05 -83.85 22.3611111111111 30 4
276.15 29.15 -83.85 20.7430555555556 30 4
276.15 29.25 -83.85 19.7013888888889 20 3
276.15 29.35 -83.85 17.9583333333333 30 4
276.15 29.45 -83.85 15.9513888888889 30 4
276.15 29.55 -83.85 14.5972222222222 30 4
276.15 29.65 -83.85 12.3125 30 4
276.25 24.65 -83.75 352.229166666667 300 6
276.25 24.75 -83.75 80.4652777777778 300 6
276.25 24.85 -83.75 79.3194444444444 200 5
276.25 24.95 -83.75 86.2361111111111 30 4
276.25 25.05 -83.75 92.7152777777778 30 4
276.25 25.15 -83.75 95.5555555555556 20 3
276.25 25.25 -83.75 97.0902777777778 3000 8
276.25 25.35 -83.75 97.2916666666667 3000 8
276.25 25.45 -83.75 96.5416666666667 2000 7
276.25 25.55 -83.75 95.9375 30 4
276.25 25.65 -83.75 97.9236111111111 30 4
276.25 25.75 -83.75 100.097222222222 30 4
276.25 25.85 -83.75 94.1180555555556 30 4
276.25 25.95 -83.75 91.7430555555556 30 4
276.25 26.05 -83.75 90.2916666666667 2000 7
276.25 26.15 -83.75 84.7916666666667 20 3
276.25 26.25 -83.75 81.1388888888889 20 3
276.25 26.35 -83.75 80.2430555555556 200 5
276.25 26.45 -83.75 78.1597222222222 20 3
276.25 26.55 -83.75 76.1944444444444 2 1
276.25 26.65 -83.75 74.5763888888889 30 4
276.25 26.75 -83.75 71.2361111111111 2000 7
276.25 26.85 -83.75 66.1319444444444 30 4
276.25 26.95 -83.75 61.5069444444444 20 3
276.25 27.05 -83.75 58.7986111111111 200 5
276.25 27.15 -83.75 54.9652777777778 200 5
276.25 27.25 -83.75 52.8055555555556 20 3
276.25 27.35 -83.75 51.9930555555556 20 3
276.25 27.45 -83.75 50.2569444444444 20 3
276.25 27.55 -83.75 48.4513888888889 20 3
276.25 27.65 -83.75 46.7986111111111 30 4
276.25 27.75 -83.75 44.2986111111111 20 3
276.25 27.85 -83.75 42.2708333333333 20 3
276.25 27.95 -83.75 39.6944444444444 20 3
276.25 28.05 -83.75 37.6458333333333 30 4
276.25 28.15 -83.75 35.5277777777778 3 2
276.25 28.25 -83.75 33.4791666666667 3 2
276.25 28.35 -83.75 31.0347222222222 20 3
276.25 28.45 -83.75 29.8263888888889 30 4
276.25 28.55 -83.75 27.7013888888889 20 3
276.25 28.65 -83.75 26.1875 20 3
276.25 28.75 -83.75 24.5972222222222 300 6
276.25 28.85 -83.75 23.0694444444444 200 5
276.25 28.95 -83.75 22.5833333333333 20 3
276.25 29.05 -83.75 19.75 2 1
276.25 29.15 -83.75 18.8819444444444 30 4
276.25 29.25 -83.75 18.5069444444444 20 3
276.25 29.35 -83.75 15.7083333333333 20 3
276.25 29.45 -83.75 14 200 5
276.25 29.55 -83.75 11.5694444444444 30 4
276.35 24.55 -83.65 426.743055555556 300 6
276.35 24.65 -83.65 123.493055555556 300 6
276.35 24.75 -83.65 64.9583333333333 200 5
276.35 24.85 -83.65 67.7986111111111 300 6
276.35 24.95 -83.65 71.5277777777778 300 6
276.35 25.05 -83.65 75.7152777777778 200 5
276.35 25.15 -83.65 76.625 200 5
276.35 25.25 -83.65 77.4444444444444 30 4
276.35 25.35 -83.65 78.0625 200 5
276.35 25.45 -83.65 79.2222222222222 20 3
276.35 25.55 -83.65 78.1041666666667 30 4
276.35 25.65 -83.65 79.7291666666667 200 5
276.35 25.75 -83.65 80.1736111111111 3000 8
276.35 25.85 -83.65 77.3541666666667 30 4
276.35 25.95 -83.65 72.625 20 3
276.35 26.05 -83.65 71.0972222222222 20 3
276.35 26.15 -83.65 70.0833333333333 20 3
276.35 26.25 -83.65 68.8055555555556 200 5
276.35 26.35 -83.65 67.4930555555556 200 5
276.35 26.45 -83.65 67.2291666666667 300 6
276.35 26.55 -83.65 65.6388888888889 200 5
276.35 26.65 -83.65 64.4722222222222 30 4
276.35 26.75 -83.65 62.9791666666667 30 4
276.35 26.85 -83.65 60.8958333333333 20 3
276.35 26.95 -83.65 58.8402777777778 200 5
276.35 27.05 -83.65 57.0902777777778 200 5
276.35 27.15 -83.65 53.8472222222222 200 5
276.35 27.25 -83.65 51.1388888888889 200 5
276.35 27.35 -83.65 49.0902777777778 20 3
276.35 27.45 -83.65 46.7569444444444 30 4
276.35 27.55 -83.65 44.6527777777778 30 4
276.35 27.65 -83.65 42.875 30 4
276.35 27.75 -83.65 40.9791666666667 20 3
276.35 27.85 -83.65 38.5625 20 3
276.35 27.95 -83.65 35.7847222222222 20 3
276.35 28.05 -83.65 33.8472222222222 20 3
276.35 28.15 -83.65 31.7847222222222 3 2
276.35 28.25 -83.65 30.5833333333333 3 2
276.35 28.35 -83.65 28.5833333333333 30 4
276.35 28.45 -83.65 27.2361111111111 20 3
276.35 28.55 -83.65 25.5416666666667 2 1
276.35 28.65 -83.65 23.8611111111111 2 1
276.35 28.75 -83.65 22.2361111111111 20 3
276.35 28.85 -83.65 21.75 20 3
276.35 28.95 -83.65 20.4583333333333 20 3
276.35 29.05 -83.65 18.2013888888889 20 3
276.35 29.15 -83.65 16.0208333333333 20 3
276.35 29.25 -83.65 14.7847222222222 20 3
276.35 29.35 -83.65 13.1458333333333 300 6
276.35 29.45 -83.65 11.6388888888889 30 4
276.45 24.55 -83.55 215.631944444444 300 6
276.45 24.65 -83.55 67.5902777777778 200 5
276.45 24.75 -83.55 64.3125 20 3
276.45 24.85 -83.55 65.9930555555556 200 5
276.45 24.95 -83.55 69.8819444444444 200 5
276.45 25.05 -83.55 72.6805555555556 20 3
276.45 25.15 -83.55 72.3680555555556 30 4
276.45 25.25 -83.55 72.9930555555556 20 3
276.45 25.35 -83.55 73.3819444444444 300 6
276.45 25.45 -83.55 73.2777777777778 300 6
276.45 25.55 -83.55 71.8472222222222 200 5
276.45 25.65 -83.55 71.2222222222222 300 6
276.45 25.75 -83.55 71.6597222222222 20 3
276.45 25.85 -83.55 70.2291666666667 20 3
276.45 25.95 -83.55 69.4861111111111 20 3
276.45 26.05 -83.55 68.2291666666667 200 5
276.45 26.15 -83.55 66.7847222222222 20 3
276.45 26.25 -83.55 62.9513888888889 20 3
276.45 26.35 -83.55 61.5416666666667 20 3
276.45 26.45 -83.55 61.5277777777778 300 6
276.45 26.55 -83.55 60.625 200 5
276.45 26.65 -83.55 59.5069444444444 30 4
276.45 26.75 -83.55 58.2986111111111 3000 8
276.45 26.85 -83.55 56.4027777777778 20 3
276.45 26.95 -83.55 54.8819444444444 20 3
276.45 27.05 -83.55 53.0486111111111 20 3
276.45 27.15 -83.55 50.75 30 4
276.45 27.25 -83.55 48.5416666666667 20 3
276.45 27.35 -83.55 46.4375 20 3
276.45 27.45 -83.55 43.7986111111111 30 4
276.45 27.55 -83.55 41.4236111111111 30 4
276.45 27.65 -83.55 39.2152777777778 20 3
276.45 27.75 -83.55 36.4097222222222 20 3
276.45 27.85 -83.55 34.1944444444444 20 3
276.45 27.95 -83.55 32.4722222222222 20 3
276.45 28.05 -83.55 30.3402777777778 20 3
276.45 28.15 -83.55 28.8402777777778 30 4
276.45 28.25 -83.55 27.4375 30 4
276.45 28.35 -83.55 25.8819444444444 30 4
276.45 28.45 -83.55 24.75 20 3
276.45 28.55 -83.55 23.4236111111111 30 4
276.45 28.65 -83.55 21.9513888888889 30 4
276.45 28.75 -83.55 20.875 20 3
276.45 28.85 -83.55 20.0277777777778 20 3
276.45 28.95 -83.55 18.7152777777778 30 4
276.45 29.05 -83.55 15.6736111111111 20 3
276.45 29.15 -83.55 12.3888888888889 20 3
276.45 29.25 -83.55 11.7152777777778 20 3
276.45 29.35 -83.55 10.7013888888889 300 6
276.55 24.55 -83.45 120.444444444444 200 5
276.55 24.65 -83.45 61.6666666666667 200 5
276.55 24.75 -83.45 64.2638888888889 200 5
276.55 24.85 -83.45 66.2222222222222 200 5
276.55 24.95 -83.45 67.7847222222222 300 6
276.55 25.05 -83.45 67.7361111111111 20 3
276.55 25.15 -83.45 67.75 20 3
276.55 25.25 -83.45 69.0347222222222 20 3
276.55 25.35 -83.45 69.1736111111111 20 3
276.55 25.45 -83.45 68.6180555555556 300 6
276.55 25.55 -83.45 67.3263888888889 200 5
276.55 25.65 -83.45 66.3402777777778 300 6
276.55 25.75 -83.45 66.3541666666667 3000 8
276.55 25.85 -83.45 65.0902777777778 3000 8
276.55 25.95 -83.45 63.8958333333333 200 5
276.55 26.05 -83.45 62.7777777777778 20 3
276.55 26.15 -83.45 61.2361111111111 20 3
276.55 26.25 -83.45 59.9444444444444 30 4
276.55 26.35 -83.45 57.7083333333333 30 4
276.55 26.45 -83.45 55.9791666666667 200 5
276.55 26.55 -83.45 55.8333333333333 200 5
276.55 26.65 -83.45 54.9583333333333 20 3
276.55 26.75 -83.45 54.2013888888889 30 4
276.55 26.85 -83.45 52.7361111111111 30 4
276.55 26.95 -83.45 50.4930555555556 200 5
276.55 27.05 -83.45 47.7222222222222 200 5
276.55 27.15 -83.45 45.9861111111111 200 5
276.55 27.25 -83.45 45.4375 300 6
276.55 27.35 -83.45 43.7152777777778 20 3
276.55 27.45 -83.45 41.4236111111111 20 3
276.55 27.55 -83.45 38.4236111111111 30 4
276.55 27.65 -83.45 35.0763888888889 30 4
276.55 27.75 -83.45 33.5486111111111 30 4
276.55 27.85 -83.45 31.0277777777778 30 4
276.55 27.95 -83.45 29.0902777777778 3 2
276.55 28.05 -83.45 27.3194444444444 20 3
276.55 28.15 -83.45 25.6666666666667 200 5
276.55 28.25 -83.45 24.75 200 5
276.55 28.35 -83.45 23.5347222222222 20 3
276.55 28.45 -83.45 22.0208333333333 200 5
276.55 28.55 -83.45 21.0277777777778 30 4
276.55 28.65 -83.45 20.6388888888889 30 4
276.55 28.75 -83.45 19.6458333333333 30 4
276.55 28.85 -83.45 17.9583333333333 20 3
276.55 28.95 -83.45 15.875 200 5
276.55 29.05 -83.45 12.625 20 3
276.65 24.55 -83.35 77.2013888888889 20 3
276.65 24.65 -83.35 63.4375 200 5
276.65 24.75 -83.35 64.1041666666667 20 3
276.65 24.85 -83.35 64.6319444444444 200 5
276.65 24.95 -83.35 63.7291666666667 200 5
276.65 25.05 -83.35 64.7569444444444 20 3
276.65 25.15 -83.35 64.7361111111111 20 3
276.65 25.25 -83.35 65.0833333333333 200 5
276.65 25.35 -83.35 64.7916666666667 300 6
276.65 25.45 -83.35 64.2083333333333 300 6
276.65 25.55 -83.35 63 20 3
276.65 25.65 -83.35 61.6944444444444 200 5
276.65 25.75 -83.35 61.3819444444444 20 3
276.65 25.85 -83.35 60.7430555555556 200 5
276.65 25.95 -83.35 59.4861111111111 300 6
276.65 26.05 -83.35 58.7569444444444 200 5
276.65 26.15 -83.35 57.1111111111111 20 3
276.65 26.25 -83.35 55.6527777777778 30 4
276.65 26.35 -83.35 54.8194444444444 30 4
276.65 26.45 -83.35 52.6180555555556 30 4
276.65 26.55 -83.35 50.2291666666667 200 5
276.65 26.65 -83.35 50.0277777777778 20 3
276.65 26.75 -83.35 49.9791666666667 3000 8
276.65 26.85 -83.35 48.8333333333333 20 3
276.65 26.95 -83.35 47.0138888888889 200 5
276.65 27.05 -83.35 44.4930555555556 200 5
276.65 27.15 -83.35 42.1319444444444 30 4
276.65 27.25 -83.35 42.0347222222222 200 5
276.65 27.35 -83.35 39.0625 30 4
276.65 27.45 -83.35 37.6597222222222 200 5
276.65 27.55 -83.35 34.3194444444444 300 6
276.65 27.65 -83.35 31.625 300 6
276.65 27.75 -83.35 30.3541666666667 2 1
276.65 27.85 -83.35 28.0902777777778 30 4
276.65 27.95 -83.35 26.5 30 4
276.65 28.05 -83.35 25.0902777777778 20 3
276.65 28.15 -83.35 23.8402777777778 30 4
276.65 28.25 -83.35 22.0972222222222 30 4
276.65 28.35 -83.35 20.6944444444444 20 3
276.65 28.45 -83.35 19.7847222222222 30 4
276.65 28.55 -83.35 18.6875 30 4
276.65 28.65 -83.35 17.9236111111111 30 4
276.65 28.75 -83.35 17.8819444444444 200 5
276.65 28.85 -83.35 15.3888888888889 30 4
276.65 28.95 -83.35 12.4791666666667 30 4
276.75 24.55 -83.25 65.4513888888889 30 4
276.75 24.65 -83.25 62.0694444444444 20 3
276.75 24.75 -83.25 61.3333333333333 30 4
276.75 24.85 -83.25 61.2916666666667 20 3
276.75 24.95 -83.25 61.4722222222222 20 3
276.75 25.05 -83.25 61.5486111111111 30 4
276.75 25.15 -83.25 61.3819444444444 30 4
276.75 25.25 -83.25 62.0833333333333 20 3
276.75 25.35 -83.25 61.7361111111111 300 6
276.75 25.45 -83.25 60.8958333333333 300 6
276.75 25.55 -83.25 60.1319444444444 200 5
276.75 25.65 -83.25 59.2291666666667 300 6
276.75 25.75 -83.25 58.6041666666667 30 4
276.75 25.85 -83.25 57.5833333333333 20 3
276.75 25.95 -83.25 56.1041666666667 200 5
276.75 26.05 -83.25 55.0972222222222 200 5
276.75 26.15 -83.25 54.0902777777778 20 3
276.75 26.25 -83.25 52.1527777777778 20 3
276.75 26.35 -83.25 50.8888888888889 3000 8
276.75 26.45 -83.25 49.5347222222222 200 5
276.75 26.55 -83.25 46.6666666666667 200 5
276.75 26.65 -83.25 45.2569444444444 20 3
276.75 26.75 -83.25 45.1180555555556 30 4
276.75 26.85 -83.25 44.7013888888889 200 5
276.75 26.95 -83.25 43.6458333333333 200 5
276.75 27.05 -83.25 41.2083333333333 200 5
276.75 27.15 -83.25 38.7430555555556 30 4
276.75 27.25 -83.25 37.5486111111111 30 4
276.75 27.35 -83.25 35.2361111111111 30 4
276.75 27.45 -83.25 32.8819444444444 20 3
276.75 27.55 -83.25 30.5069444444444 300 6
276.75 27.65 -83.25 28.125 20 3
276.75 27.75 -83.25 26.3055555555556 200 5
276.75 27.85 -83.25 24.8472222222222 300 6
276.75 27.95 -83.25 23.6805555555556 20 3
276.75 28.05 -83.25 22.3055555555556 30 4
276.75 28.15 -83.25 20.8680555555556 30 4
276.75 28.25 -83.25 19.9305555555556 300 6
276.75 28.35 -83.25 18.6041666666667 30 4
276.75 28.45 -83.25 17.1944444444444 20 3
276.75 28.55 -83.25 15.9444444444444 30 4
276.75 28.65 -83.25 15.1111111111111 20 3
276.75 28.75 -83.25 13.7708333333333 200 5
276.75 28.85 -83.25 12.1875 30 4
276.85 24.55 -83.15 51.5972222222222 30 4
276.85 24.65 -83.15 54.2569444444444 20 3
276.85 24.75 -83.15 56.1944444444444 20 3
276.85 24.85 -83.15 58.9097222222222 20 3
276.85 24.95 -83.15 58.2569444444444 2 1
276.85 25.05 -83.15 58.4791666666667 2 1
276.85 25.15 -83.15 58.9444444444444 200 5
276.85 25.25 -83.15 59.1319444444444 200 5
276.85 25.35 -83.15 58.7708333333333 300 6
276.85 25.45 -83.15 57.7430555555556 200 5
276.85 25.55 -83.15 57.1736111111111 200 5
276.85 25.65 -83.15 56.6111111111111 300 6
276.85 25.75 -83.15 55.2916666666667 2000 7
276.85 25.85 -83.15 54.0069444444444 2000 7
276.85 25.95 -83.15 52.2986111111111 2000 7
276.85 26.05 -83.15 51.2083333333333 3000 8
276.85 26.15 -83.15 50.3888888888889 3000 8
276.85 26.25 -83.15 48.3680555555556 200 5
276.85 26.35 -83.15 46.4791666666667 30 4
276.85 26.45 -83.15 45.2638888888889 20 3
276.85 26.55 -83.15 43.5694444444444 200 5
276.85 26.65 -83.15 41.5138888888889 20 3
276.85 26.75 -83.15 40.6944444444444 20 3
276.85 26.85 -83.15 40.3263888888889 20 3
276.85 26.95 -83.15 39.7569444444444 200 5
276.85 27.05 -83.15 37.9097222222222 20 3
276.85 27.15 -83.15 35.1388888888889 200 5
276.85 27.25 -83.15 32.7847222222222 30 4
276.85 27.35 -83.15 30.3194444444444 20 3
276.85 27.45 -83.15 28.0902777777778 300 6
276.85 27.55 -83.15 26.25 30 4
276.85 27.65 -83.15 23.3472222222222 300 6
276.85 27.75 -83.15 21.375 300 6
276.85 27.85 -83.15 19.9583333333333 30 4
276.85 27.95 -83.15 19.3680555555556 30 4
276.85 28.05 -83.15 17.7916666666667 20 3
276.85 28.15 -83.15 16.0763888888889 300 6
276.85 28.25 -83.15 15.5902777777778 200 5
276.85 28.35 -83.15 14.8055555555556 300 6
276.85 28.45 -83.15 13.5694444444444 30 4
276.85 28.55 -83.15 12.6527777777778 30 4
276.85 28.65 -83.15 11.4027777777778 30 4
276.85 28.75 -83.15 10.3819444444444 20 3
276.95 24.55 -83.05 30.3819444444444 20 3
276.95 24.65 -83.05 22.6666666666667 20 3
276.95 24.75 -83.05 47.1527777777778 3000 8
276.95 24.85 -83.05 51.375 2000 7
276.95 24.95 -83.05 52.8194444444444 20 3
276.95 25.05 -83.05 53.2569444444444 2 1
276.95 25.15 -83.05 55.3680555555556 20 3
276.95 25.25 -83.05 55.5416666666667 300 6
276.95 25.35 -83.05 54.9097222222222 20 3
276.95 25.45 -83.05 54.7916666666667 200 5
276.95 25.55 -83.05 54.1041666666667 20 3
276.95 25.65 -83.05 53.0208333333333 20 3
276.95 25.75 -83.05 51.7986111111111 3000 8
276.95 25.85 -83.05 49.9791666666667 30 4
276.95 25.95 -83.05 47.9166666666667 3000 8
276.95 26.05 -83.05 46.1597222222222 20 3
276.95 26.15 -83.05 45.7777777777778 200 5
276.95 26.25 -83.05 43.9027777777778 2000 7
276.95 26.35 -83.05 41.6666666666667 2000 7
276.95 26.45 -83.05 40.2708333333333 200 5
276.95 26.55 -83.05 38.9166666666667 20 3
276.95 26.65 -83.05 37.7777777777778 20 3
276.95 26.75 -83.05 36.6597222222222 3000 8
276.95 26.85 -83.05 36.6597222222222 20 3
276.95 26.95 -83.05 36.3263888888889 20 3
276.95 27.05 -83.05 34.1180555555556 200 5
276.95 27.15 -83.05 30.6111111111111 200 5
276.95 27.25 -83.05 27.6875 200 5
276.95 27.35 -83.05 24.8194444444444 30 4
276.95 27.45 -83.05 22.5902777777778 200 5
276.95 27.55 -83.05 19.3680555555556 30 4
276.95 27.65 -83.05 17.125 20 3
276.95 27.75 -83.05 15.7569444444444 30 4
276.95 27.85 -83.05 13.25 30 4
276.95 27.95 -83.05 13.5625 30 4
276.95 28.05 -83.05 13.9861111111111 200 5
276.95 28.15 -83.05 12.0972222222222 200 5
276.95 28.25 -83.05 10.4375 20 3
276.95 28.35 -83.05 11.2013888888889 30 4
276.95 28.45 -83.05 10.2847222222222 20 3
277.05 24.55 -82.95 20.4375 3000 8
277.05 24.65 -82.95 19.1111111111111 3000 8
277.05 24.75 -82.95 38.2361111111111 3000 8
277.05 24.85 -82.95 46.4861111111111 30 4
277.05 24.95 -82.95 47.7083333333333 30 4
277.05 25.05 -82.95 50.2777777777778 2000 7
277.05 25.15 -82.95 50.9722222222222 2000 7
277.05 25.25 -82.95 51.2152777777778 2000 7
277.05 25.35 -82.95 51.4861111111111 3000 8
277.05 25.45 -82.95 50.9513888888889 2000 7
277.05 25.55 -82.95 50.0347222222222 2000 7
277.05 25.65 -82.95 49.2708333333333 20 3
277.05 25.75 -82.95 47.8125 3000 8
277.05 25.85 -82.95 46.2083333333333 20 3
277.05 25.95 -82.95 44.6666666666667 20 3
277.05 26.05 -82.95 42.5 20 3
277.05 26.15 -82.95 40.0972222222222 300 6
277.05 26.25 -82.95 39.0972222222222 20 3
277.05 26.35 -82.95 38.5347222222222 20 3
277.05 26.45 -82.95 37.3333333333333 20 3
277.05 26.55 -82.95 35.5902777777778 20 3
277.05 26.65 -82.95 33.9305555555556 20 3
277.05 26.75 -82.95 33.8611111111111 20 3
277.05 26.85 -82.95 33.1875 30 4
277.05 26.95 -82.95 32.2986111111111 30 4
277.05 27.05 -82.95 29.3680555555556 20 3
277.05 27.15 -82.95 26.0486111111111 200 5
277.05 27.25 -82.95 22.7152777777778 300 6
277.05 27.35 -82.95 19.2638888888889 30 4
277.05 27.45 -82.95 15.6666666666667 300 6
277.05 27.55 -82.95 13.7013888888889 300 6
277.05 27.65 -82.95 11.8541666666667 20 3
277.05 27.75 -82.95 10.2916666666667 30 4
277.15 24.55 -82.85 24.0763888888889 20 3
277.15 24.65 -82.85 11.1875 3000 8
277.15 24.75 -82.85 29.4722222222222 3 2
277.15 24.85 -82.85 40.9027777777778 3 2
277.15 24.95 -82.85 43.9166666666667 30 4
277.15 25.05 -82.85 45.0555555555556 30 4
277.15 25.15 -82.85 45.8680555555556 30 4
277.15 25.25 -82.85 46.5069444444444 20 3
277.15 25.35 -82.85 47.3055555555556 30 4
277.15 25.45 -82.85 46.8194444444444 30 4
277.15 25.55 -82.85 45.9861111111111 200 5
277.15 25.65 -82.85 44.8194444444444 20 3
277.15 25.75 -82.85 43.3611111111111 20 3
277.15 25.85 -82.85 42.2847222222222 20 3
277.15 25.95 -82.85 41.3402777777778 200 5
277.15 26.05 -82.85 39.7361111111111 200 5
277.15 26.15 -82.85 37.9444444444444 20 3
277.15 26.25 -82.85 35.6805555555556 30 4
277.15 26.35 -82.85 32.9583333333333 20 3
277.15 26.45 -82.85 32.7083333333333 20 3
277.15 26.55 -82.85 31.2361111111111 20 3
277.15 26.65 -82.85 31.2152777777778 20 3
277.15 26.75 -82.85 30.4236111111111 30 4
277.15 26.85 -82.85 30.0277777777778 30 4
277.15 26.95 -82.85 28.5069444444444 20 3
277.15 27.05 -82.85 25.9166666666667 30 4
277.15 27.15 -82.85 23 30 4
277.15 27.25 -82.85 17.9097222222222 30 4
277.15 27.35 -82.85 13.3541666666667 30 4
277.15 27.45 -82.85 11.1388888888889 20 3
277.25 24.55 -82.75 23.5972222222222 20 3
277.25 24.65 -82.75 23.0763888888889 30 4
277.25 24.75 -82.75 30.2361111111111 20 3
277.25 24.85 -82.75 36.2083333333333 3 2
277.25 24.95 -82.75 39.9930555555556 30 4
277.25 25.05 -82.75 41.5902777777778 30 4
277.25 25.15 -82.75 41.9166666666667 30 4
277.25 25.25 -82.75 41.9375 20 3
277.25 25.35 -82.75 41.1944444444444 300 6
277.25 25.45 -82.75 40.9930555555556 30 4
277.25 25.55 -82.75 39.9652777777778 200 5
277.25 25.65 -82.75 38.9027777777778 200 5
277.25 25.75 -82.75 38.1111111111111 200 5
277.25 25.85 -82.75 37.6319444444444 200 5
277.25 25.95 -82.75 36.5347222222222 200 5
277.25 26.05 -82.75 34.9861111111111 200 5
277.25 26.15 -82.75 33.6944444444444 3000 8
277.25 26.25 -82.75 32.2708333333333 3000 8
277.25 26.35 -82.75 29.6388888888889 20 3
277.25 26.45 -82.75 28.4791666666667 20 3
277.25 26.55 -82.75 27.2569444444444 20 3
277.25 26.65 -82.75 27.0138888888889 30 4
277.25 26.75 -82.75 26.2083333333333 30 4
277.25 26.85 -82.75 25.3263888888889 200 5
277.25 26.95 -82.75 23.875 30 4
277.25 27.05 -82.75 21.5486111111111 20 3
277.25 27.15 -82.75 18.5416666666667 20 3
277.25 27.25 -82.75 13.6180555555556 300 6
277.25 27.35 -82.75 11.0347222222222 200 5
277.35 24.55 -82.65 19.0625 20 3
277.35 24.65 -82.65 25.6319444444444 30 4
277.35 24.75 -82.65 30.3611111111111 2 1
277.35 24.85 -82.65 33.2083333333333 3 2
277.35 24.95 -82.65 36.1041666666667 30 4
277.35 25.05 -82.65 38.4652777777778 30 4
277.35 25.15 -82.65 39.2847222222222 20 3
277.35 25.25 -82.65 38.4652777777778 200 5
277.35 25.35 -82.65 37.6458333333333 300 6
277.35 25.45 -82.65 35.2777777777778 20 3
277.35 25.55 -82.65 34.6041666666667 300 6
277.35 25.65 -82.65 34.0347222222222 300 6
277.35 25.75 -82.65 34.9791666666667 2000 7
277.35 25.85 -82.65 35.4166666666667 30 4
277.35 25.95 -82.65 33.9444444444444 20 3
277.35 26.05 -82.65 30.7777777777778 20 3
277.35 26.15 -82.65 28.7083333333333 20 3
277.35 26.25 -82.65 27.6180555555556 30 4
277.35 26.35 -82.65 27.5625 20 3
277.35 26.45 -82.65 25.5763888888889 20 3
277.35 26.55 -82.65 23.9097222222222 200 5
277.35 26.65 -82.65 23.4305555555556 30 4
277.35 26.75 -82.65 22.7638888888889 30 4
277.35 26.85 -82.65 21.4166666666667 20 3
277.35 26.95 -82.65 19.4444444444444 30 4
277.35 27.05 -82.65 16.625 300 6
277.35 27.15 -82.65 13.1736111111111 200 5
277.35 27.25 -82.65 10.3472222222222 30 4
277.45 24.55 -82.55 15.0972222222222 30 4
277.45 24.65 -82.55 21.8194444444444 30 4
277.45 24.75 -82.55 28.0347222222222 30 4
277.45 24.85 -82.55 31.0277777777778 3 2
277.45 24.95 -82.55 32.8819444444444 2 1
277.45 25.05 -82.55 35.6458333333333 30 4
277.45 25.15 -82.55 36.6736111111111 20 3
277.45 25.25 -82.55 35.3611111111111 20 3
277.45 25.35 -82.55 33.7361111111111 20 3
277.45 25.45 -82.55 32.9027777777778 20 3
277.45 25.55 -82.55 32.9513888888889 300 6
277.45 25.65 -82.55 32.6388888888889 200 5
277.45 25.75 -82.55 34.0069444444444 3000 8
277.45 25.85 -82.55 32.4513888888889 20 3
277.45 25.95 -82.55 30.7083333333333 200 5
277.45 26.05 -82.55 27.6111111111111 20 3
277.45 26.15 -82.55 23.7916666666667 3000 8
277.45 26.25 -82.55 23.5833333333333 3000 8
277.45 26.35 -82.55 23.6875 20 3
277.45 26.45 -82.55 23.0833333333333 20 3
277.45 26.55 -82.55 20.9444444444444 20 3
277.45 26.65 -82.55 20.0625 30 4
277.45 26.75 -82.55 18.7847222222222 30 4
277.45 26.85 -82.55 17.5347222222222 30 4
277.45 26.95 -82.55 14.6458333333333 300 6
277.45 27.05 -82.55 11.7083333333333 200 5
277.55 24.55 -82.45 10.2083333333333 30 4
277.55 24.65 -82.45 14.4861111111111 30 4
277.55 24.75 -82.45 25.2777777777778 30 4
277.55 24.85 -82.45 28.1736111111111 30 4
277.55 24.95 -82.45 30.0069444444444 30 4
277.55 25.05 -82.45 32 30 4
277.55 25.15 -82.45 33.3402777777778 30 4
277.55 25.25 -82.45 31.9236111111111 30 4
277.55 25.35 -82.45 29.9444444444444 30 4
277.55 25.45 -82.45 30.5486111111111 30 4
277.55 25.55 -82.45 30.8125 30 4
277.55 25.65 -82.45 29.5208333333333 30 4
277.55 25.75 -82.45 29.2430555555556 30 4
277.55 25.85 -82.45 28.3611111111111 30 4
277.55 25.95 -82.45 26.9861111111111 30 4
277.55 26.05 -82.45 24.8263888888889 30 4
277.55 26.15 -82.45 21.7291666666667 30 4
277.55 26.25 -82.45 19.2291666666667 30 4
277.55 26.35 -82.45 18.1736111111111 30 4
277.55 26.45 -82.45 19.0138888888889 30 4
277.55 26.55 -82.45 17.9583333333333 20 3
277.55 26.65 -82.45 16.6388888888889 30 4
277.55 26.75 -82.45 15.2083333333333 20 3
277.55 26.85 -82.45 12.7013888888889 30 4
277.65 24.65 -82.35 10.5416666666667 30 4
277.65 24.75 -82.35 23.2708333333333 20 3
277.65 24.85 -82.35 26.2152777777778 2 1
277.65 24.95 -82.35 26.7986111111111 30 4
277.65 25.05 -82.35 28.6041666666667 30 4
277.65 25.15 -82.35 30.1458333333333 30 4
277.65 25.25 -82.35 28.8333333333333 30 4
277.65 25.35 -82.35 26.8194444444444 30 4
277.65 25.45 -82.35 29.0972222222222 30 4
277.65 25.55 -82.35 28.8472222222222 30 4
277.65 25.65 -82.35 26.5486111111111 30 4
277.65 25.75 -82.35 26.2013888888889 30 4
277.65 25.85 -82.35 25.4236111111111 30 4
277.65 25.95 -82.35 23.9166666666667 30 4
277.65 26.05 -82.35 22.2430555555556 30 4
277.65 26.15 -82.35 20.2986111111111 2000 7
277.65 26.25 -82.35 16.4722222222222 2000 7
277.65 26.35 -82.35 13.9722222222222 30 4
277.65 26.45 -82.35 13.3263888888889 200 5
277.65 26.55 -82.35 13.4097222222222 20 3
277.65 26.65 -82.35 11.8402777777778 30 4
277.65 26.75 -82.35 11.1041666666667 200 5
277.75 24.65 -82.25 10.6875 30 4
277.75 24.75 -82.25 21.6458333333333 3 2
277.75 24.85 -82.25 24.5069444444444 3 2
277.75 24.95 -82.25 25.3541666666667 20 3
277.75 25.05 -82.25 25.5486111111111 30 4
277.75 25.15 -82.25 26.4166666666667 30 4
277.75 25.25 -82.25 26.2083333333333 3000 8
277.75 25.35 -82.25 25.4166666666667 3000 8
277.75 25.45 -82.25 25.9166666666667 30 4
277.75 25.55 -82.25 25.8333333333333 30 4
277.75 25.65 -82.25 23.8194444444444 30 4
277.75 25.75 -82.25 23.0277777777778 3000 8
277.75 25.85 -82.25 22.1805555555556 2000 7
277.75 25.95 -82.25 20.8194444444444 30 4
277.75 26.05 -82.25 18.9305555555556 30 4
277.75 26.15 -82.25 18.5694444444444 30 4
277.75 26.25 -82.25 14.4722222222222 30 4
277.75 26.35 -82.25 11.8402777777778 20 3
277.85 24.75 -82.15 20.5416666666667 3 2
277.85 24.85 -82.15 22.6875 3 2
277.85 24.95 -82.15 22.7083333333333 20 3
277.85 25.05 -82.15 22.5833333333333 30 4
277.85 25.15 -82.15 23.0625 30 4
277.85 25.25 -82.15 22.9861111111111 30 4
277.85 25.35 -82.15 22.7152777777778 2000 7
277.85 25.45 -82.15 22.5763888888889 30 4
277.85 25.55 -82.15 22.8333333333333 30 4
277.85 25.65 -82.15 21.3472222222222 2000 7
277.85 25.75 -82.15 20.0277777777778 2000 7
277.85 25.85 -82.15 19.3958333333333 300 6
277.85 25.95 -82.15 18.1597222222222 2000 7
277.85 26.05 -82.15 16.2638888888889 30 4
277.85 26.15 -82.15 16.5138888888889 30 4
277.85 26.25 -82.15 13.4652777777778 30 4
277.95 24.75 -82.05 18.3611111111111 3 2
277.95 24.85 -82.05 20.4513888888889 3 2
277.95 24.95 -82.05 21.3125 30 4
277.95 25.05 -82.05 20.7361111111111 30 4
277.95 25.15 -82.05 20.0833333333333 30 4
277.95 25.25 -82.05 19.2708333333333 30 4
277.95 25.35 -82.05 19.7222222222222 30 4
277.95 25.45 -82.05 19.375 2000 7
277.95 25.55 -82.05 19.75 3000 8
277.95 25.65 -82.05 18.5555555555556 2000 7
277.95 25.75 -82.05 18.1111111111111 30 4
277.95 25.85 -82.05 16.5625 30 4
277.95 25.95 -82.05 15.0416666666667 30 4
277.95 26.05 -82.05 13.0277777777778 30 4
277.95 26.15 -82.05 12.4861111111111 30 4
277.95 26.25 -82.05 12.4236111111111 20 3
278.05 24.75 -81.95 15.8333333333333 3 2
278.05 24.85 -81.95 18.1180555555556 3 2
278.05 24.95 -81.95 19.2777777777778 30 4
278.05 25.05 -81.95 19.1458333333333 30 4
278.05 25.15 -81.95 18.25 30 4
278.05 25.25 -81.95 16.5208333333333 30 4
278.05 25.35 -81.95 16.4444444444444 30 4
278.05 25.45 -81.95 16.2361111111111 2000 7
278.05 25.55 -81.95 16.5972222222222 3000 8
278.05 25.65 -81.95 15.5277777777778 3000 8
278.05 25.75 -81.95 14.7083333333333 30 4
278.05 25.85 -81.95 13.6736111111111 200 5
278.05 25.95 -81.95 12.2847222222222 300 6
278.05 26.05 -81.95 10.4861111111111 300 6
278.15 24.75 -81.85 13.5069444444444 30 4
278.15 24.85 -81.85 15.8888888888889 20 3
278.15 24.95 -81.85 16.8472222222222 30 4
278.15 25.05 -81.85 16.6458333333333 30 4
278.15 25.15 -81.85 16.4444444444444 2000 7
278.15 25.25 -81.85 14.7152777777778 2000 7
278.15 25.35 -81.85 14.1041666666667 30 4
278.15 25.45 -81.85 12.8472222222222 2000 7
278.15 25.55 -81.85 12.6944444444444 30 4
278.15 25.65 -81.85 12.25 30 4
278.15 25.75 -81.85 11.6736111111111 3000 8
278.15 25.85 -81.85 10.7291666666667 200 5
278.25 24.75 -81.75 10.4791666666667 30 4
278.25 24.85 -81.75 14.1805555555556 3 2
278.25 24.95 -81.75 14.8402777777778 30 4
278.25 25.05 -81.75 14.6111111111111 30 4
278.25 25.15 -81.75 13.8263888888889 30 4
278.25 25.25 -81.75 13.2986111111111 2000 7
278.25 25.35 -81.75 12.1388888888889 2000 7
278.25 25.45 -81.75 10.9027777777778 2000 7
278.35 24.85 -81.65 11.9236111111111 30 4
278.35 24.95 -81.65 12.4305555555556 30 4
278.35 25.05 -81.65 11.7569444444444 30 4
278.35 25.15 -81.65 11.8055555555556 30 4
278.35 25.25 -81.65 11.8819444444444 2000 7
278.35 25.35 -81.65 10.5763888888889 2000 7
278.45 24.95 -81.55 10.1111111111111 2000 7
